0.339139,0.041404,0.041238,0.085104,0.041238,0.083533,0.058907,0.041238,0.041266,0.041238,0.041238,0.049589,0.053624,0.041247
0.051871,0.359332,0.030731,0.084655,0.029553,0.029560,0.064693,0.057774,0.031447,0.029553,0.064328,0.030966,0.061764,0.073774
0.000100,0.000100,0.688441,0.000100,0.000100,0.000100,0.125205,0.000100,0.000100,0.000100,0.048196,0.069709,0.067549,0.000100
0.088167,0.067305,0.000100,0.441911,0.000100,0.043824,0.053221,0.048131,0.016672,0.000100,0.000100,0.035413,0.122277,0.082678
0.000100,0.000106,0.000100,0.024651,0.546968,0.000100,0.029297,0.109217,0.000100,0.090628,0.000100,0.075558,0.109554,0.013522
0.082005,0.043340,0.043340,0.067158,0.043340,0.243705,0.061167,0.043340,0.079602,0.043340,0.075736,0.066143,0.064442,0.043342
0.000100,0.000100,0.000100,0.000100,0.000100,0.000100,0.000104,0.820330,0.129354,0.000100,0.000139,0.049171,0.000102,0.000100
0.000100,0.050952,0.000100,0.060189,0.045140,0.000100,0.000100,0.550540,0.000100,0.084095,0.000100,0.057753,0.110557,0.040175
0.040689,0.068571,0.040613,0.054420,0.040616,0.081343,0.077102,0.040717,0.260470,0.040613,0.040682,0.065373,0.065915,0.082875
0.037418,0.037730,0.037420,0.037581,0.076290,0.037418,0.037525,0.139401,0.037418,0.302663,0.037418,0.050682,0.093412,0.037624
0.025103,0.026077,0.035178,0.040291,0.038426,0.062169,0.097610,0.027362,0.068920,0.025411,0.415763,0.071419,0.040730,0.025541
0.000100,0.000100,0.000102,0.000100,0.000100,0.000100,0.000107,0.000100,0.000100,0.000100,0.784288,0.214498,0.000105,0.000100
0.000100,0.023428,0.000100,0.059454,0.082755,0.000100,0.042868,0.046570,0.000100,0.000100,0.026850,0.164445,0.553030,0.000100
0.029531,0.076887,0.030350,0.111319,0.029410,0.053395,0.047023,0.073987,0.062030,0.029409,0.029381,0.029721,0.067241,0.330318
