4.754344,0.747311,-1.714741,-0.603697,1.666358,0.814018,-0.937117,0.403776,0.633208,0.885213,0.347967,-0.187691,0.606453,0.573938,0.000000,0.747311,3.684483,0.400542,0.625570,1.354920,-0.383973,-0.215712,0.765718,-1.208457,0.393892,0.168037,-0.027349,-0.200180,-0.232612,0.000000,-1.714741,0.400542,3.327725,0.309486,-1.567564,-0.699808,0.305386,-0.032208,-0.436156,-0.546384,0.020500,0.955610,-0.194768,-0.302945,0.000000,-0.603697,0.625570,0.309486,3.818943,0.539211,-0.820666,-0.548162,-0.071501,-0.521272,-0.583412,0.109568,0.238282,0.045456,-0.082916,0.000000,1.666358,1.354920,-1.567564,0.539211,3.510957,0.385155,-1.050764,0.878741,-0.196890,0.763338,0.092030,-0.336159,0.354831,0.318054,0.000000,0.814018,-0.383973,-0.699808,-0.820666,0.385155,2.731602,-0.183736,-0.117676,0.153587,0.397953,0.118275,-0.651087,0.511996,-0.412483,0.000000,-0.937117,-0.215712,0.305386,-0.548162,-1.050764,-0.183736,2.006414,-0.034684,-0.290084,0.074860,-0.045521,-0.013249,-0.327185,-0.097513,0.000000,0.403776,0.765718,-0.032208,-0.071501,0.878741,-0.117676,-0.034684,1.680609,0.013606,0.137841,0.330173,0.407664,0.095359,0.655115,0.000000,0.633208,-1.208457,-0.436156,-0.521272,-0.196890,0.153587,-0.290084,0.013606,2.277527,-0.040027,0.433380,1.141220,0.133527,0.824065,0.000000,0.885213,0.393892,-0.546384,-0.583412,0.763338,0.397953,0.074860,0.137841,-0.040027,0.969433,-0.179826,-0.375461,0.152291,-0.039770,0.000000,0.347967,0.168037,0.020500,0.109568,0.092030,0.118275,-0.045521,0.330173,0.433380,-0.179826,0.859199,0.376042,0.058396,0.392262,0.000000,-0.187691,-0.027349,0.955610,0.238282,-0.336159,-0.651087,-0.013249,0.407664,1.141220,-0.375461,0.376042,2.074873,-0.419811,0.628865,0.000000,0.606453,-0.200180,-0.194768,0.045456,0.354831,0.511996,-0.327185,0.095359,0.133527,0.152291,0.058396,-0.419811,1.152134,-0.054193,0.000000,0.573938,-0.232612,-0.302945,-0.082916,0.318054,-0.412483,-0.097513,0.655115,0.824065,-0.039770,0.392262,0.628865,-0.054193,1.074942,0.000000,0.000000,0.000000,0.000000,0.000000,0.000000,0.000000,0.000000,0.000000,0.000000,0.000000,0.000000,0.000000,0.000000,0.000000,0.005868
18.884907,0.547708,0.779084,1.090606,-4.810881,-0.813831,-2.747614,-5.934564,3.262364,-3.794065,-1.109912,-0.651937,0.272128,-1.865089,0.000000,0.547708,8.634297,3.077765,1.677176,2.033830,-2.570871,-1.282946,-1.491098,-0.526669,-1.074592,-0.051462,-0.356944,0.410755,0.230873,0.000000,0.779084,3.077765,8.097308,0.426061,-0.191878,-2.947217,0.223487,-1.276379,0.227399,-3.367949,0.527134,0.020558,-0.197929,0.241183,0.000000,1.090606,1.677176,0.426061,4.497865,-1.629920,-1.350966,-0.631708,-0.958399,0.210448,-1.340356,-0.624845,0.897189,0.591022,-0.028038,0.000000,-4.810881,2.033830,-0.191878,-1.629920,6.035323,1.002348,0.120934,2.234281,-1.983966,2.064225,0.907829,-0.273877,-0.857745,1.077161,0.000000,-0.813831,-2.570871,-2.947217,-1.350966,1.002348,4.770319,0.943351,1.191265,0.539920,1.987195,0.332736,0.444831,-0.573937,0.020817,0.000000,-2.747614,-1.282946,0.223487,-0.631708,0.120934,0.943351,3.127048,0.962766,0.222089,0.801333,0.304715,1.016027,-0.286884,0.492051,0.000000,-5.934564,-1.491098,-1.276379,-0.958399,2.234281,1.191265,0.962766,4.435209,-1.624473,1.831940,0.325614,-0.346460,-0.354512,0.097189,0.000000,3.262364,-0.526669,0.227399,0.210448,-1.983966,0.539920,0.222089,-1.624473,2.595233,-0.757185,-0.112156,0.634672,0.389214,-0.270551,0.000000,-3.794065,-1.074592,-3.367949,-1.340356,2.064225,1.987195,0.801333,1.831940,-0.757185,3.660855,-0.302787,0.345652,-0.118677,0.297235,0.000000,-1.109912,-0.051462,0.527134,-0.624845,0.907829,0.332736,0.304715,0.325614,-0.112156,-0.302787,1.538182,-0.161715,-0.016508,0.649777,0.000000,-0.651937,-0.356944,0.020558,0.897189,-0.273877,0.444831,1.016027,-0.346460,0.634672,0.345652,-0.161715,2.051292,0.153505,0.662380,0.000000,0.272128,0.410755,-0.197929,0.591022,-0.857745,-0.573937,-0.286884,-0.354512,0.389214,-0.118677,-0.016508,0.153505,1.206256,-0.206558,0.000000,-1.865089,0.230873,0.241183,-0.028038,1.077161,0.020817,0.492051,0.097189,-0.270551,0.297235,0.649777,0.662380,-0.206558,1.181952,0.000000,0.000000,0.000000,0.000000,0.000000,0.000000,0.000000,0.000000,0.000000,0.000000,0.000000,0.000000,0.000000,0.000000,0.000000,0.283030
51.060860,-1.523273,-10.252309,10.952490,-1.579119,-0.743923,-3.318332,0.174110,-3.897604,0.125539,-1.780212,-0.360301,0.288651,-0.858101,0.000000,-1.523273,17.887575,7.708392,1.221596,4.799234,1.643110,-2.209641,-0.450095,-0.310910,-2.550755,0.127745,-1.582955,-1.208406,-0.604769,0.000000,-10.252309,7.708392,20.769930,-0.483007,1.760127,2.538861,1.826766,-3.432061,1.078449,-0.632870,-1.957484,-1.175409,-0.847122,-0.389181,0.000000,10.952490,1.221596,-0.483007,8.431593,1.161104,0.119366,0.899226,-0.147085,-0.719640,0.520257,-0.639088,-0.437431,0.068023,-0.359290,0.000000,-1.579119,4.799234,1.760127,1.161104,5.085515,1.273332,-0.768696,1.637518,0.234608,-0.681527,0.530232,-0.431110,-0.391174,0.046545,0.000000,-0.743923,1.643110,2.538861,0.119366,1.273332,3.913635,-0.101630,0.421380,1.533670,-0.510757,0.329126,0.200156,-0.144815,-0.039221,0.000000,-3.318332,-2.209641,1.826766,0.899226,-0.768696,-0.101630,4.620738,-0.624450,-0.123237,1.418975,-0.776942,0.140743,0.165768,-0.255394,0.000000,0.174110,-0.450095,-3.432061,-0.147085,1.637518,0.421380,-0.624450,4.181338,0.982923,-0.010380,1.449705,0.240667,0.202569,0.597144,0.000000,-3.897604,-0.310910,1.078449,-0.719640,0.234608,1.533670,-0.123237,0.982923,2.690358,0.319592,0.505996,0.399844,0.080743,0.308860,0.000000,0.125539,-2.550755,-0.632870,0.520257,-0.681527,-0.510757,1.418975,-0.010380,0.319592,2.258059,0.246798,0.405048,0.398557,0.137180,0.000000,-1.780212,0.127745,-1.957484,-0.639088,0.530232,0.329126,-0.776942,1.449705,0.505996,0.246798,2.310963,0.832378,0.257380,0.522929,0.000000,-0.360301,-1.582955,-1.175409,-0.437431,-0.431110,0.200156,0.140743,0.240667,0.399844,0.405048,0.832378,1.518313,0.605925,0.293447,0.000000,0.288651,-1.208406,-0.847122,0.068023,-0.391174,-0.144815,0.165768,0.202569,0.080743,0.398557,0.257380,0.605925,1.126442,0.559316,0.000000,-0.858101,-0.604769,-0.389181,-0.359290,0.046545,-0.039221,-0.255394,0.597144,0.308860,0.137180,0.522929,0.293447,0.559316,1.111450,0.000000,0.000000,0.000000,0.000000,0.000000,0.000000,0.000000,0.000000,0.000000,0.000000,0.000000,0.000000,0.000000,0.000000,0.000000,2.400555
7.209747,0.485759,-3.556476,4.042031,0.338897,0.993180,-1.197385,-2.697581,0.509275,1.525660,-0.067965,-0.636937,0.398928,-0.441391,0.000000,0.485759,8.053931,1.575859,-1.436704,1.950842,1.892249,1.154874,0.137179,-2.358829,-0.615515,-0.385525,1.180903,-1.001267,-0.065813,0.000000,-3.556476,1.575859,5.886726,-2.469440,0.062293,-0.519676,1.476327,0.976995,-1.307263,-0.787532,-0.074364,1.036596,0.125989,0.283182,0.000000,4.042031,-1.436704,-2.469440,7.988776,0.258439,-0.767137,-1.240658,-2.918277,0.520229,0.478455,-0.381603,-0.422498,0.969593,-0.190711,0.000000,0.338897,1.950842,0.062293,0.258439,5.408188,0.355292,-2.009143,-0.527665,-1.549117,0.973686,0.322710,-0.631338,-0.976872,0.770271,0.000000,0.993180,1.892249,-0.519676,-0.767137,0.355292,3.860321,0.301071,-0.477642,-0.372197,-0.125307,0.077426,0.407715,-0.331217,-0.463464,0.000000,-1.197385,1.154874,1.476327,-1.240658,-2.009143,0.301071,3.585346,0.217797,0.144384,-0.518208,-0.537425,0.947018,-0.214454,-0.200411,0.000000,-2.697581,0.137179,0.976995,-2.918277,-0.527665,-0.477642,0.217797,4.591045,0.259949,-1.245397,0.388389,0.590963,-0.341961,0.171847,0.000000,0.509275,-2.358829,-1.307263,0.520229,-1.549117,-0.372197,0.144384,0.259949,3.575787,-0.277176,0.048338,-0.255574,0.782075,0.296390,0.000000,1.525660,-0.615515,-0.787532,0.478455,0.973686,-0.125307,-0.518208,-1.245397,-0.277176,2.824999,-0.034911,-1.125249,0.105925,-0.109749,0.000000,-0.067965,-0.385525,-0.074364,-0.381603,0.322710,0.077426,-0.537425,0.388389,0.048338,-0.034911,1.335580,-0.156956,0.053214,0.314713,0.000000,-0.636937,1.180903,1.036596,-0.422498,-0.631338,0.407715,0.947018,0.590963,-0.255574,-1.125249,-0.156956,2.306088,-0.479530,-0.456036,0.000000,0.398928,-1.001267,0.125989,0.969593,-0.976872,-0.331217,-0.214454,-0.341961,0.782075,0.105925,0.053214,-0.479530,1.799226,0.005794,0.000000,-0.441391,-0.065813,0.283182,-0.190711,0.770271,-0.463464,-0.200411,0.171847,0.296390,-0.109749,0.314713,-0.456036,0.005794,1.559444,0.000000,0.000000,0.000000,0.000000,0.000000,0.000000,0.000000,0.000000,0.000000,0.000000,0.000000,0.000000,0.000000,0.000000,0.000000,0.235168
13.755444,7.151096,-1.949567,5.148118,3.926150,3.781233,-0.072951,-1.661156,2.591599,0.366000,-1.143936,0.288427,1.250411,-1.489889,0.000000,7.151096,21.116365,0.252975,3.324571,1.151751,0.778666,-1.874177,-1.005454,5.062383,-0.206874,-1.397260,-0.187205,1.615004,-0.947240,0.000000,-1.949567,0.252975,24.518654,5.712385,-9.306750,-9.178227,-0.877323,13.178278,-1.471101,-3.787722,-5.505650,3.391685,-3.533952,1.088300,0.000000,5.148118,3.324571,5.712385,8.705882,-1.811996,-4.095783,-0.351921,4.152508,0.882095,-2.065533,-1.608598,1.521490,-2.164860,0.060733,0.000000,3.926150,1.151750,-9.306750,-1.811996,12.810689,8.481212,-0.520836,-8.315675,0.238563,4.811684,4.078633,-1.789465,2.033229,-1.407105,0.000000,3.781233,0.778666,-9.178227,-4.095783,8.481212,12.065060,0.912146,-8.751978,0.641413,2.748798,3.114484,-0.937322,4.082599,-1.827546,0.000000,-0.072951,-1.874177,-0.877323,-0.351921,-0.520836,0.912146,3.195691,-0.052704,-0.543155,0.062497,0.402308,-0.075867,0.588054,-0.191438,0.000000,-1.661156,-1.005454,13.178278,4.152508,-8.315675,-8.751978,-0.052704,12.402604,-0.096653,-3.766029,-4.193037,1.793969,-3.284297,1.728274,0.000000,2.591599,5.062383,-1.471101,0.882095,0.238563,0.641413,-0.543155,-0.096653,4.473104,0.111937,-1.227538,-0.225725,0.452404,0.000875,0.000000,0.366000,-0.206874,-3.787722,-2.065533,4.811684,2.748798,0.062497,-3.766029,0.111937,4.403719,1.667028,-1.887716,1.007589,-0.247743,0.000000,-1.143936,-1.397260,-5.505650,-1.608598,4.078632,3.114484,0.402308,-4.193037,-1.227538,1.667028,4.304649,-0.712649,0.237986,-0.567019,0.000000,0.288427,-0.187205,3.391685,1.521490,-1.789465,-0.937322,-0.075867,1.793969,-0.225725,-1.887716,-0.712649,3.209654,-0.084813,-0.615979,0.000000,1.250411,1.615004,-3.533952,-2.164860,2.033229,4.082599,0.588054,-3.284297,0.452404,1.007589,0.237986,-0.084813,3.495672,-0.862006,0.000000,-1.489889,-0.947240,1.088300,0.060733,-1.407105,-1.827546,-0.191438,1.728274,0.000875,-0.247743,-0.567019,-0.615979,-0.862006,1.877200,0.000000,0.000000,0.000000,0.000000,0.000000,0.000000,0.000000,0.000000,0.000000,0.000000,0.000000,0.000000,0.000000,0.000000,0.000000,0.229723
2.912663,0.705332,-0.327689,0.081727,-0.971439,0.167935,-0.118416,0.174732,-0.222790,-0.160288,0.889510,0.216132,0.424878,0.230678,0.000000,0.705332,4.567446,0.996455,-0.617499,-0.668035,1.309983,1.295629,-0.828923,-0.365111,0.171617,0.585778,0.445635,-0.674514,-0.161534,0.000000,-0.327689,0.996455,4.397515,0.549665,-0.490947,0.762574,0.698073,-0.913608,-0.443734,0.686755,0.133121,0.153400,-0.701499,0.175990,0.000000,0.081727,-0.617499,0.549665,3.051618,-0.046627,0.678125,-0.374226,-0.303742,0.810311,-0.342425,0.971063,0.626965,-0.200333,-0.418780,0.000000,-0.971439,-0.668035,-0.490947,-0.046627,4.203218,-1.278036,-1.198873,1.745242,0.058496,0.663044,-0.355644,-0.614551,0.492217,0.323515,0.000000,0.167935,1.309983,0.762574,0.678125,-1.278036,5.138829,-1.215636,-1.514401,0.367453,-1.283347,1.292127,0.391594,-1.180023,-0.137875,0.000000,-0.118416,1.295629,0.698073,-0.374226,-1.198873,-1.215636,2.741590,-0.783849,-0.026251,0.807257,-0.507865,0.228190,-0.085910,-0.020074,0.000000,0.174732,-0.828923,-0.913608,-0.303742,1.745242,-1.514401,-0.783849,2.084908,0.322867,0.226513,-0.145137,-0.228782,0.721171,-0.086531,0.000000,-0.222790,-0.365111,-0.443734,0.810311,0.058496,0.367453,-0.026251,0.322867,1.863580,-0.074942,0.352355,-0.003781,-0.172976,-0.269815,0.000000,-0.160288,0.171617,0.686755,-0.342425,0.663044,-1.283347,0.807257,0.226513,-0.074942,1.057612,-0.564767,-0.175548,0.242105,0.146413,0.000000,0.889510,0.585778,0.133121,0.971063,-0.355644,1.292127,-0.507865,-0.145137,0.352355,-0.564767,1.483254,0.127223,-0.383950,-0.080892,0.000000,0.216132,0.445635,0.153400,0.626965,-0.614551,0.391594,0.228190,-0.228782,-0.003781,-0.175548,0.127223,0.743004,0.043687,-0.295033,0.000000,0.424878,-0.674514,-0.701499,-0.200333,0.492217,-1.180023,-0.085910,0.721171,-0.172976,0.242105,-0.383950,0.043687,0.783173,0.069727,0.000000,0.230678,-0.161534,0.175990,-0.418780,0.323515,-0.137875,-0.020074,-0.086531,-0.269815,0.146413,-0.080892,-0.295033,0.069727,0.713547,0.000000,0.000000,0.000000,0.000000,0.000000,0.000000,0.000000,0.000000,0.000000,0.000000,0.000000,0.000000,0.000000,0.000000,0.000000,0.028732
9.481653,0.180384,0.819351,2.531215,-1.145903,-0.160866,0.986606,0.086981,-1.583209,-0.525315,-0.350823,-0.178418,-0.080044,-0.083435,0.000000,0.180384,9.277137,-0.242201,-1.312132,0.145697,0.083659,-1.009139,0.608641,0.161476,-0.332903,-0.031436,0.195835,0.013942,-0.375961,0.000000,0.819351,-0.242201,21.989357,-0.827965,3.371979,1.114021,-1.062807,-5.479952,-1.485895,-2.377824,-0.093454,-2.793248,-2.102424,0.863992,0.000000,2.531215,-1.312132,-0.827965,7.236733,0.008462,-2.559674,0.699946,1.237140,0.187173,0.576481,-0.423383,0.447122,0.586175,-0.005396,0.000000,-1.145903,0.145697,3.371979,0.008462,3.762842,1.213882,-0.322102,-0.792553,0.169731,-0.094312,0.157132,-0.114614,-0.310540,0.241643,0.000000,-0.160866,0.083659,1.114021,-2.559674,1.213882,5.589352,1.915201,-0.121249,0.713531,0.298543,0.729073,0.378643,-0.045082,0.189550,0.000000,0.986606,-1.009139,-1.062807,0.699946,-0.322102,1.915201,3.821404,1.298486,-0.176022,0.408928,0.593962,0.366603,0.342339,0.105501,0.000000,0.086981,0.608641,-5.479952,1.237140,-0.792553,-0.121249,1.298486,4.163795,1.152667,1.008171,0.463696,1.358028,0.946419,-0.029121,0.000000,-1.583209,0.161476,-1.485895,0.187173,0.169731,0.713531,-0.176022,1.152667,2.639190,1.357363,0.068606,0.809148,0.686635,0.125367,0.000000,-0.525315,-0.332903,-2.377824,0.576481,-0.094312,0.298543,0.408928,1.008171,1.357363,2.249777,0.678267,0.846109,0.756488,0.100623,0.000000,-0.350823,-0.031436,-0.093454,-0.423383,0.157132,0.729073,0.593962,0.463696,0.068606,0.678267,1.645318,0.783915,0.162007,0.254764,0.000000,-0.178418,0.195835,-2.793248,0.447122,-0.114614,0.378643,0.366603,1.358028,0.809148,0.846109,0.783915,2.132500,1.014824,0.144559,0.000000,-0.080044,0.013942,-2.102424,0.586175,-0.310540,-0.045082,0.342339,0.946419,0.686635,0.756488,0.162007,1.014824,1.601325,0.583482,0.000000,-0.083435,-0.375961,0.863992,-0.005396,0.241643,0.189550,0.105501,-0.029121,0.125367,0.100623,0.254764,0.144559,0.583482,1.306774,0.000000,0.000000,0.000000,0.000000,0.000000,0.000000,0.000000,0.000000,0.000000,0.000000,0.000000,0.000000,0.000000,0.000000,0.000000,9.432866
18.462008,3.456506,-1.428459,0.176694,-1.096637,-0.502585,-3.632535,-4.043672,0.379716,1.885494,0.569706,-0.853592,-0.356576,-0.521101,0.000000,3.456506,26.241669,-4.418936,-2.999341,4.555915,4.450887,4.478062,-4.520816,-3.623193,0.441765,-1.424283,5.138760,1.109644,5.175550,0.000000,-1.428459,-4.418936,10.683907,2.148254,-0.505961,-2.700821,-0.967355,3.741911,0.099033,-0.743002,-0.531030,2.258420,-2.693930,-1.228765,0.000000,0.176694,-2.999341,2.148254,6.811332,-0.029853,-1.874956,-1.315412,0.284614,2.456475,-0.223627,-1.215885,-0.005129,-0.189129,-0.032047,0.000000,-1.096637,4.555915,-0.505961,-0.029853,5.309761,2.126509,1.018560,-0.399470,-0.734554,1.170345,-0.980784,0.226464,-0.257724,1.971378,0.000000,-0.502585,4.450887,-2.700821,-1.874956,2.126509,6.789752,2.021156,-3.223211,-0.930826,0.680508,1.179048,0.291223,0.797977,1.148808,0.000000,-3.632535,4.478062,-0.967355,-1.315412,1.018560,2.021156,8.282444,1.376433,-2.891207,-0.556822,-0.521063,3.814516,-1.336614,1.087421,0.000000,-4.043672,-4.520816,3.741911,0.284614,-0.399470,-3.223211,1.376433,9.128834,0.026615,-3.025512,-1.084926,0.149655,-1.678897,-0.721381,0.000000,0.379716,-3.623193,0.099033,2.456475,-0.734554,-0.930826,-2.891207,0.026615,4.983409,0.424235,-0.461954,-2.906905,0.823678,-0.316026,0.000000,1.885494,0.441765,-0.743002,-0.223627,1.170345,0.680508,-0.556822,-3.025512,0.424235,4.887745,0.231294,-1.278122,0.865559,0.171031,0.000000,0.569706,-1.424283,-0.531030,-1.215885,-0.980784,1.179048,-0.521063,-1.084926,-0.461954,0.231294,3.292461,-0.393172,-0.280782,-0.854437,0.000000,-0.853592,5.138760,2.258420,-0.005129,0.226464,0.291223,3.814516,0.149655,-2.906905,-1.278122,-0.393172,6.252216,-1.365734,0.850801,0.000000,-0.356576,1.109644,-2.693930,-0.189129,-0.257724,0.797977,-1.336614,-1.678897,0.823678,0.865559,-0.280782,-1.365734,4.085582,0.194733,0.000000,-0.521101,5.175550,-1.228765,-0.032047,1.971378,1.148808,1.087421,-0.721381,-0.316026,0.171031,-0.854437,0.850801,0.194733,2.729436,0.000000,0.000000,0.000000,0.000000,0.000000,0.000000,0.000000,0.000000,0.000000,0.000000,0.000000,0.000000,0.000000,0.000000,0.000000,9.262043
6.308673,3.147052,-0.118086,1.740518,1.232609,4.030673,-1.252869,0.070320,1.885745,1.627843,2.755734,-0.339273,-0.824970,0.641933,0.000000,3.147052,9.464630,5.011156,2.679596,3.041792,7.131629,0.195085,1.617576,2.420834,-1.029956,1.824575,-0.821753,-1.431911,-0.824448,0.000000,-0.118086,5.011156,8.676591,3.727327,1.793016,4.301808,1.094561,0.331518,-0.358259,-2.155010,0.066752,-1.109323,-1.781919,-0.976458,0.000000,1.740518,2.679596,3.727327,5.413104,1.988320,3.894112,1.896778,0.533089,0.950962,-0.863048,1.546924,-0.780969,-1.566876,-0.136867,0.000000,1.232609,3.041792,1.793016,1.988320,2.402406,3.585753,0.215849,0.838280,1.250911,-0.588587,1.046752,-0.530376,-0.774453,-0.157590,0.000000,4.030673,7.131629,4.301808,3.894112,3.585753,10.005828,1.204547,0.928110,2.655612,-0.411263,2.162430,-1.402015,-2.072795,-0.521773,0.000000,-1.252869,0.195085,1.094561,1.896778,0.215849,1.204547,3.621282,0.631881,0.012979,-0.902829,-0.524193,-0.123063,-0.427505,-0.621813,0.000000,0.070320,1.617576,0.331518,0.533089,0.838280,0.928110,0.631881,1.352952,1.051993,-0.414867,0.490144,0.014383,-0.207253,-0.298288,0.000000,1.885745,2.420834,-0.358259,0.950962,1.250911,2.655612,0.012979,1.051993,3.737042,0.165897,1.799017,-0.459854,-0.620261,0.060357,0.000000,1.627843,-1.029956,-2.155010,-0.863048,-0.588587,-0.411263,-0.902829,-0.414867,0.165897,1.750158,0.835160,0.311414,0.606042,0.459596,0.000000,2.755734,1.824575,0.066752,1.546924,1.046752,2.162430,-0.524193,0.490144,1.799017,0.835160,3.232382,-0.023012,-0.335165,0.383516,0.000000,-0.339273,-0.821753,-1.109323,-0.780969,-0.530376,-1.402015,-0.123063,0.014383,-0.459854,0.311414,-0.023012,0.932533,0.632912,0.203419,0.000000,-0.824970,-1.431911,-1.781919,-1.566876,-0.774453,-2.072795,-0.427505,-0.207253,-0.620261,0.606042,-0.335165,0.632912,1.629782,0.279759,0.000000,0.641933,-0.824448,-0.976458,-0.136867,-0.157590,-0.521773,-0.621813,-0.298288,0.060357,0.459596,0.383516,0.203419,0.279759,0.914189,0.000000,0.000000,0.000000,0.000000,0.000000,0.000000,0.000000,0.000000,0.000000,0.000000,0.000000,0.000000,0.000000,0.000000,0.000000,0.871553
11.085219,7.439685,1.246963,3.575338,1.807170,-1.010172,-1.029369,-5.611357,1.729791,3.323923,0.117077,0.968569,1.516290,0.995698,0.000000,7.439685,25.356333,-8.685405,3.026189,6.930089,2.594909,-3.312837,-15.091384,3.574581,7.770459,1.922584,-0.395492,2.625333,5.120186,0.000000,1.246963,-8.685405,9.267252,-0.696543,-0.598628,-3.750687,0.994186,5.717821,-0.923453,-1.275676,-1.278601,1.725203,-1.024377,-2.822873,0.000000,3.575338,3.026189,-0.696543,7.294177,-0.298413,-3.023416,-2.112944,-2.139441,1.209733,1.844799,0.360143,0.612977,0.223798,0.538139,0.000000,1.807170,6.930089,-0.598628,-0.298413,5.094094,-0.376216,-2.018985,-2.999823,1.794157,2.940721,-0.142236,-0.502128,-0.194545,1.701459,0.000000,-1.010172,2.594909,-3.750687,-3.023416,-0.376216,5.064877,1.258814,-2.434116,-0.154795,-0.345229,0.576747,-1.730148,1.201748,1.523605,0.000000,-1.029369,-3.312837,0.994186,-2.112944,-2.018985,1.258814,6.190026,0.812809,-1.907313,-2.119263,-0.212946,0.095809,0.053613,0.363697,0.000000,-5.611357,-15.091384,5.717821,-2.139441,-2.999823,-2.434116,0.812809,12.412489,-2.398028,-5.484234,-0.589022,-0.100951,-2.342758,-2.922298,0.000000,1.729791,3.574581,-0.923453,1.209733,1.794157,-0.154795,-1.907313,-2.398028,2.124044,1.711290,-0.073518,-0.527855,0.265854,0.773510,0.000000,3.323923,7.770459,-1.275676,1.844799,2.940721,-0.345229,-2.119263,-5.484234,1.711290,4.520143,-0.124642,0.390170,0.898078,0.537129,0.000000,0.117077,1.922584,-1.278601,0.360143,-0.142236,0.576747,-0.212946,-0.589022,-0.073518,-0.124642,1.369566,-0.148737,0.427809,0.773576,0.000000,0.968569,-0.395492,1.725203,0.612977,-0.502128,-1.730148,0.095809,-0.100951,-0.527855,0.390170,-0.148737,2.753062,-0.160850,-1.644630,0.000000,1.516290,2.625333,-1.024377,0.223798,-0.194545,1.201748,0.053613,-2.342758,0.265854,0.898078,0.427809,-0.160850,1.382170,0.426006,0.000000,0.995698,5.120186,-2.822873,0.538139,1.701459,1.523605,0.363697,-2.922298,0.773510,0.537129,0.773576,-1.644630,0.426006,3.393527,0.000000,0.000000,0.000000,0.000000,0.000000,0.000000,0.000000,0.000000,0.000000,0.000000,0.000000,0.000000,0.000000,0.000000,0.000000,135.793472
19.283743,6.876800,-3.804862,2.862399,0.382858,2.118727,-4.044490,0.427115,0.638729,-0.007619,-1.515218,0.308563,-0.044387,-0.857730,0.000000,6.876800,15.203238,3.740487,-0.341787,-2.348044,5.023833,-0.203700,-2.634796,0.529358,-0.029948,-0.310649,-0.971961,-0.614137,0.386390,0.000000,-3.804862,3.740487,12.666490,3.085777,3.595995,-0.991804,0.841170,-1.333575,-1.867370,-1.290509,-1.692496,-1.358915,-0.457172,-0.738986,0.000000,2.862399,-0.341787,3.085777,6.037768,3.244178,-1.177944,-1.308652,1.121835,0.207783,-0.532111,-1.471342,-0.095639,0.012101,-0.795629,0.000000,0.382858,-2.348044,3.595995,3.244178,7.421683,-1.622245,-2.504852,0.987350,-0.086593,-0.016824,-2.210215,0.026682,1.031686,-1.234708,0.000000,2.118727,5.023833,-0.991804,-1.177944,-1.622245,5.265441,0.909319,-0.663453,1.087829,0.427521,0.524734,-0.059036,0.173787,0.458512,0.000000,-4.044490,-0.203700,0.841170,-1.308652,-2.504852,0.909319,4.462584,-0.121364,-0.719967,0.115441,1.100975,-0.264083,-0.428035,0.768535,0.000000,0.427115,-2.634796,-1.333575,1.121835,0.987350,-0.663453,-0.121364,2.739588,0.885491,0.364361,-0.097509,0.371301,0.631283,-0.361860,0.000000,0.638729,0.529358,-1.867370,0.207783,-0.086593,1.087829,-0.719967,0.885491,3.467103,1.288505,-0.049244,0.322751,0.554152,0.376639,0.000000,-0.007619,-0.029948,-1.290509,-0.532111,-0.016824,0.427521,0.115441,0.364361,1.288505,1.989658,0.589771,0.117344,0.626164,0.315337,0.000000,-1.515218,-0.310649,-1.692496,-1.471342,-2.210215,0.524734,1.100975,-0.097509,-0.049244,0.589771,2.252664,0.786980,-0.025527,0.937857,0.000000,0.308563,-0.971961,-1.358915,-0.095639,0.026682,-0.059036,-0.264083,0.371301,0.322751,0.117344,0.786980,1.440313,0.488227,0.508465,0.000000,-0.044387,-0.614137,-0.457172,0.012101,1.031686,0.173787,-0.428035,0.631283,0.554152,0.626164,-0.025527,0.488227,1.404965,0.183950,0.000000,-0.857730,0.386390,-0.738986,-0.795629,-1.234708,0.458512,0.768535,-0.361860,0.376639,0.315337,0.937857,0.508465,0.183950,1.587554,0.000000,0.000000,0.000000,0.000000,0.000000,0.000000,0.000000,0.000000,0.000000,0.000000,0.000000,0.000000,0.000000,0.000000,0.000000,0.224062
36.066624,16.494549,7.818581,-1.059327,-6.562595,-4.904511,-5.479181,-6.660918,-4.669683,-2.632697,-2.997972,-3.421261,-2.485099,-1.356012,0.000000,16.494549,14.942085,6.146816,-0.498169,-2.523965,-3.441959,-3.283666,-2.146539,-2.014274,-1.130366,-1.301534,-1.686336,-1.517195,-0.892057,0.000000,7.818581,6.146816,13.832106,0.253760,-1.033118,-1.377290,-3.452580,-4.564947,-1.843982,-1.586863,-1.097526,-1.788281,-1.537717,-0.423388,0.000000,-1.059327,-0.498169,0.253760,9.468056,3.281429,1.220709,1.804469,1.727931,0.705850,0.780287,0.002918,0.284378,-0.000919,-0.387418,0.000000,-6.562595,-2.523965,-1.033118,3.281429,5.540818,3.547796,2.350909,1.762365,1.679565,1.153060,1.168557,0.696415,0.463419,0.463971,0.000000,-4.904511,-3.441959,-1.377290,1.220709,3.547796,5.487113,3.973610,1.608122,2.199553,1.975170,1.279966,0.474546,0.769559,0.660888,0.000000,-5.479181,-3.283666,-3.452580,1.804469,2.350909,3.973610,6.282470,4.162945,2.895183,2.799603,1.445959,0.565675,0.999921,0.836285,0.000000,-6.660918,-2.146539,-4.564947,1.727931,1.762365,1.608122,4.162945,6.096732,2.841558,2.110842,1.369502,1.449908,1.034222,0.548520,0.000000,-4.669683,-2.014274,-1.843982,0.705850,1.679565,2.199553,2.895183,2.841558,3.422673,2.740577,1.618989,0.850132,0.762885,0.645840,0.000000,-2.632697,-1.130366,-1.586863,0.780287,1.153060,1.975170,2.799603,2.110842,2.740577,3.640692,1.982668,0.482848,0.676766,0.586584,0.000000,-2.997972,-1.301534,-1.097526,0.002918,1.168557,1.279966,1.445959,1.369502,1.618989,1.982668,2.300829,1.087040,0.572927,0.631973,0.000000,-3.421261,-1.686336,-1.788281,0.284378,0.696415,0.474546,0.565675,1.449908,0.850132,0.482848,1.087040,1.995459,0.982356,0.288068,0.000000,-2.485099,-1.517195,-1.537717,-0.000919,0.463419,0.769559,0.999921,1.034222,0.762885,0.676766,0.572927,0.982356,1.590272,0.723569,0.000000,-1.356012,-0.892057,-0.423388,-0.387418,0.463971,0.660888,0.836285,0.548520,0.645840,0.586584,0.631973,0.288068,0.723569,1.203883,0.000000,0.000000,0.000000,0.000000,0.000000,0.000000,0.000000,0.000000,0.000000,0.000000,0.000000,0.000000,0.000000,0.000000,0.000000,0.142186
17.083998,7.393163,-3.924561,-2.180547,-2.527860,1.432404,2.072437,-3.320940,2.264295,4.574678,1.861805,-2.380401,0.746784,0.653479,0.000000,7.393163,16.358479,1.705845,-4.670016,-3.684561,0.063418,2.686014,3.329492,2.256784,1.027014,0.989451,0.741815,-0.822190,-0.466922,0.000000,-3.924561,1.705845,9.500010,2.214008,-1.244012,-2.272185,-1.386695,2.915647,-0.928665,-2.563636,-0.574622,1.978151,-1.133123,-1.285988,0.000000,-2.180547,-4.670016,2.214008,9.977263,0.418225,-2.570581,-0.943067,-1.076960,-0.208313,-0.933503,-0.987258,-0.337677,0.197796,-0.228092,0.000000,-2.527860,-3.684561,-1.244012,0.418225,7.365705,3.439594,-0.861701,0.286032,-0.640295,-0.799720,0.500335,0.252667,0.061168,1.060090,0.000000,1.432404,0.063418,-2.272185,-2.570581,3.439594,7.413016,1.981109,-1.927724,0.155728,2.012068,0.888295,-0.501761,0.949799,0.506468,0.000000,2.072437,2.686014,-1.386695,-0.943067,-0.861701,1.981109,5.819356,0.369819,0.518033,1.845529,0.434202,-0.376381,0.159650,0.198316,0.000000,-3.320940,3.329492,2.915647,-1.076960,0.286032,-1.927724,0.369819,8.928827,-0.632909,-5.462676,-0.030298,3.653608,-1.760588,-0.485142,0.000000,2.264295,2.256784,-0.928665,-0.208313,-0.640295,0.155728,0.518033,-0.632909,3.722273,2.712637,-0.444023,-1.188016,0.139203,0.566720,0.000000,4.574678,1.027014,-2.563636,-0.933503,-0.799720,2.012068,1.845529,-5.462676,2.712637,8.372501,0.987156,-3.786210,1.156507,0.722190,0.000000,1.861805,0.989451,-0.574622,-0.987258,0.500335,0.888295,0.434202,-0.030298,-0.444023,0.987156,3.169297,0.398428,-0.269494,-0.003052,0.000000,-2.380401,0.741815,1.978151,-0.337677,0.252667,-0.501761,-0.376381,3.653608,-1.188016,-3.786210,0.398428,4.118666,-0.656246,-0.768548,0.000000,0.746784,-0.822190,-1.133123,0.197796,0.061168,0.949799,0.159650,-1.760588,0.139203,1.156507,-0.269494,-0.656246,1.843406,0.375332,0.000000,0.653479,-0.466922,-1.285988,-0.228092,1.060090,0.506468,0.198316,-0.485142,0.566720,0.722190,-0.003052,-0.768548,0.375332,1.661150,0.000000,0.000000,0.000000,0.000000,0.000000,0.000000,0.000000,0.000000,0.000000,0.000000,0.000000,0.000000,0.000000,0.000000,0.000000,1.227733
6.478035,-0.979882,-2.880336,0.863912,-1.484706,2.271849,0.167750,0.408272,0.635352,1.575525,0.324585,0.354772,-0.106841,-1.133602,0.000000,-0.979882,8.370055,3.618085,-0.717922,2.299739,1.471873,0.550389,-1.287493,-2.232487,-0.846041,-0.430640,1.370442,-0.767129,0.793576,0.000000,-2.880336,3.618085,6.589791,0.993356,0.346951,-0.951104,0.159545,-1.647190,-1.615959,-1.080112,-0.548261,0.738540,0.576153,1.360722,0.000000,0.863912,-0.717922,0.993356,4.825322,-1.150615,-1.032553,0.794809,-0.903321,1.549363,-1.560126,-1.187181,0.952292,0.951171,0.758575,0.000000,-1.484706,2.299739,0.346951,-1.150615,3.187239,0.925995,0.379658,-1.077557,-1.655151,0.087086,-0.236376,0.127105,-0.914427,0.711501,0.000000,2.271849,1.471873,-0.951104,-1.032553,0.925995,3.754579,0.350856,-0.572409,-0.586075,1.017994,0.477679,-0.123093,-0.756083,-0.590657,0.000000,0.167750,0.550389,0.159545,0.794809,0.379658,0.350856,1.517830,-0.125829,0.098051,0.226369,0.244366,0.275559,-0.400463,0.160579,0.000000,0.408272,-1.287493,-1.647190,-0.903321,-1.077557,-0.572409,-0.125829,3.786111,1.645564,-0.489851,1.350506,0.422077,0.354567,-0.747520,0.000000,0.635352,-2.232487,-1.615959,1.549363,-1.655151,-0.586075,0.098051,1.645564,4.346104,-0.484215,0.599292,-0.227587,0.934224,0.152405,0.000000,1.575525,-0.846041,-1.080112,-1.560126,0.087086,1.017994,0.226369,-0.489851,-0.484215,4.567343,0.583324,-1.556285,-0.142597,0.112710,0.000000,0.324585,-0.430640,-0.548261,-1.187181,-0.236376,0.477679,0.244366,1.350506,0.599292,0.583324,2.638082,-0.141597,-0.018233,-0.631871,0.000000,0.354772,1.370442,0.738540,0.952292,0.127105,-0.123093,0.275559,0.422077,-0.227587,-1.556285,-0.141597,1.994527,-0.345192,0.036507,0.000000,-0.106841,-0.767129,0.576153,0.951171,-0.914427,-0.756083,-0.400463,0.354567,0.934224,-0.142597,-0.018233,-0.345192,1.614442,0.050497,0.000000,-1.133602,0.793576,1.360722,0.758575,0.711501,-0.590657,0.160579,-0.747520,0.152405,0.112710,-0.631871,0.036507,0.050497,1.568586,0.000000,0.000000,0.000000,0.000000,0.000000,0.000000,0.000000,0.000000,0.000000,0.000000,0.000000,0.000000,0.000000,0.000000,0.000000,0.315448
